0,1
1,2
2,3
3,4
4,5
5,6
6,7
7,8
8,9
9,10
10,11
11,12
12,13
13,14
14,15
15,16
16,17
17,18
18,19
19,20
20,21
21,22
22,23
23,24
24,25
25,26
26,27
27,28
28,29
29,30
30,31
31,32

28.9137,30.2163
31.2548,31.2048
34.3275,18.6256
15.6461,-1.18646
-3.23251,0.549512
1.80206,3.78104
3.41786,3.76211
3.83105,5.05705
5.04963,5.98794
5.98737,7.00242
7.00299,7.9995
7.99932,9.00011
9.00015,9.99997
9.99997,11
11,12
12,13
13,14
14,15
15,16
16,17
17,18
18,19
19,20
20,21
21,22
22,23
23,24
24,25
25,26
26,27
27,28
28,29

26.0002,27
27.0018,27.9888
27.9283,29.0416
28.9962,30.8333
32.2412,30.6367
32.7762,18.1992
16.3222,0.556492
-1.88371,-1.11305
-0.295166,3.85635
4.07762,4.10351
3.86535,4.84875
4.93887,6.06222
6.04336,6.98362
6.98405,8.00275
8.00435,8.99996
8.99906,9.99981
10.0002,11.0001
11,12
12,13
13,14
14,15
15,16
16,17
17,18
18,19
19,20
20,21
21,22
22,23
23,24
24,25
25,26

23,24
24,25
25.0001,26.0005
26.0038,26.9952
26.9873,27.9611
27.8436,29.1926
29.2755,31.2294
32.6974,30.2136
31.9451,18.0391
16.5969,1.52244
-0.856787,-1.83742
-1.52276,3.3098
3.89498,4.60111
4.33324,4.73523
4.73833,6.02373
6.06719,7.02483
7.00183,7.9846
7.99107,9.00509
9.0044,9.99898
9.99862,11
11.0003,12.0001
12,13
13,14
14,15
15,16
16,17
17,18
18,19
19,20
20,21
21,22
22,23

20,21
21,22
22,23
23,24
23.9998,25.0004
25.0014,26.0012
26.0076,26.9801
26.9509,27.946
27.8019,29.3815
29.5746,31.4986
32.9616,29.9144
31.4157,17.9611
16.7593,2.15591
-0.111586,-2.22151
-2.26581,2.68203
3.40863,4.92908
4.78088,4.81856
4.70093,5.89795
5.97588,7.07121
7.0571,7.98356
7.97745,8.99773
9.00311,10.0034
10.0013,10.9985
10.9989,12.0004
12.0004,13
12.9999,14
14,15
15,16
16,17
17,18
18,19
19,20

17,18
18,19
19,20
20,21
21,22
22,23
22.9999,24
23.9998,25.0014
25.0047,25.9998
26.0064,26.9579
26.9042,27.9496
27.7986,29.576
29.8555,31.6993
33.1404,29.6978
31.0499,17.9207
16.874,2.60945
0.448794,-2.45656
-2.75374,2.09174
2.84734,5.09406
5.097,5.00943
4.81103,5.77678
5.84059,7.07317
7.09038,8.01077
7.99078,8.9832
8.9896,10.0061
10.0063,10.9995
10.9984,11.9994
12,13.0004
13.0002,13.9999
13.9999,15
15,16
16,17

13.9999,14.9999
15,16
16,17
17,18
18,19
19,20
20,21
21,22
22,22.9999
22.9997,24.0003
24.0004,25.003
25.0091,25.9951
25.9987,26.9326
26.8557,27.9695
27.8225,29.7651
30.1124,31.8608
33.2764,29.5386
30.7855,17.9011
16.9639,2.95184
0.884364,-2.61796
-3.09856,1.55951
2.29078,5.14272
5.286,5.23963
5.00627,5.69964
5.72024,7.03035
7.07896,8.04898
8.02611,8.97581
8.97562,10.0015
10.006,11.0033
11.0012,11.9982
11.9985,13.0004
13.0006,14.0001

11.0058,11.9985
11.9977,12.9995
13.0001,14.0005
14.0003,14.9998
14.9998,16
16,17
17,18
18,19
19,20
20,21
21,22
21.9999,22.9999
22.9994,24.001
24.0019,25.0046
25.0134,25.9868
25.9848,26.9071
26.8095,28.0019
27.8646,29.9454
30.3469,31.9986
33.3893,29.4209
30.5896,17.8945
17.0392,3.21951
1.23172,-2.74021
-3.35828,1.08235
1.76474,5.11319
5.37486,5.47279
5.23924,5.67328
5.64041,6.95916
7.02787,8.081
8.067,8.98197
8.97184,9.99108
9.99815,11.0069

8.09989,9.00054
8.98175,9.97958
9.98582,11.0073
11.0088,12.001
11.9991,12.9983
12.9988,14.0006
14.0007,15
14.9999,15.9999
16,17.0001
17,18
18,19
19,20
20,21
21,21.9999
21.9997,22.9998
22.9992,24.0022
24.0043,25.0058
25.0168,25.9752
25.9659,26.8829
26.7677,28.0434
27.9189,30.1167
30.5622,32.1215
33.4894,29.3346
30.443,17.8965
17.1053,3.43388
1.51418,-2.84083
-3.56503,0.652308
1.27538,5.03173
5.38942,5.69188
5.48119,5.69187
5.60662,6.87594
6.95094,8.09748

5.7163,5.74636
5.61529,6.79262
6.86172,8.09557
8.11729,9.02697
9.00349,9.97142
9.97354,11.0034
11.008,12.0046
12.0023,12.9976
12.9976,14.0002
14.0006,15.0004
15.0002,15.9998
15.9998,17
17.0001,18
18,19
19,20
20,21
21,21.9998
21.9995,23
22.9993,24.0038
24.0076,25.0061
25.0187,25.9609
25.943,26.8609
26.7307,28.0915
27.9812,30.2796
30.7617,32.235
33.5825,29.2726
30.3333,17.9048
17.1652,3.60855
1.74728,-2.92939
-3.73771,0.261323
0.82172,4.91577
5.34992,5.89

-3.88795,-0.0975361
0.400362,4.77687
5.27128,6.06526
5.93656,5.82799
5.65977,6.7167
6.77062,8.07624
8.11665,9.05625
9.03287,9.96923
9.96514,10.9959
11.0028,12.0079
12.0064,12.9981
12.9971,13.9992
13.9999,15.0007
15.0006,15.9998
15.9998,16.9999
17,18.0001
18,19
19,20
20,21
20.9999,21.9997
21.9991,23.0003
22.9998,24.0057
24.0114,25.0054
25.0188,25.9443
25.9173,26.8414
26.6985,28.1444
28.0487,30.4349
30.9479,32.3422
33.6717,29.2302
30.2523,17.9178
17.2207,3.75262
1.94181,-3.01138

30.1941,17.9344
17.2732,3.87248
2.10551,-3.09013
-4.0232,-0.429958
0.0073647,4.62273
5.1643,6.21818
6.13848,5.92942
5.73299,6.65238
6.68478,8.04223
8.09853,9.08413
9.06529,9.97391
9.96295,10.9863
10.994,12.0097
12.01,12.9999
12.998,13.998
13.9986,15.0008
15.0009,16.0001
15.9999,16.9998
16.9999,18.0001
18.0001,19
19,20
20.0001,20.9999
20.9998,21.9995
21.9988,23.0009
23.0007,24.0079
24.0156,25.0034
25.017,25.9259
25.8894,26.8244
26.6708,28.2008
28.1197,30.5837
31.1232,32.4455
33.7592,29.2037

28.1927,30.7268
31.2894,32.5463
33.8462,29.1905
30.1546,17.9539
17.3234,3.97275
2.24408,-3.16766
-4.14839,-0.740538
-0.361071,4.45856
5.03678,6.35036
6.32105,6.04484
5.82855,6.60165
6.60864,7.9968
8.06508,9.10755
9.09681,9.98512
9.96782,10.9763
10.9832,12.0092
12.0117,13.0028
13.0004,13.9971
13.9973,15.0004
15.0009,16.0005
16.0002,16.9997
16.9997,18
18.0001,19.0001
19,20
20.0001,20.9998
20.9996,21.9994
21.9984,23.0017
23.0021,24.0102
24.0199,25.0002
25.0133,25.9062
25.8601,26.8099
26.6472,28.2595

25.0077,25.8855
25.8298,26.7976
26.6273,28.32
28.2669,30.865
31.4479,32.6457
33.9336,29.1886
30.1307,17.9759
17.372,4.05688
2.36185,-3.24527
-4.26687,-1.03298
-0.708352,4.28789
4.89436,6.46376
6.48462,6.16982
5.94105,6.5651
6.54471,7.94314
8.0191,9.12458
9.12439,10.0018
9.97954,10.9677
10.972,12.0061
12.011,13.0062
13.0038,13.9969
13.9964,14.9996
15.0003,16.0008
16.0007,16.9998
16.9997,17.9999
18,19.0001
19.0001,20
20.0001,20.9997
20.9994,21.9993
21.9982,23.0029
23.004,24.0125
24.0243,24.9957

21.998,23.0043
23.0063,24.0147
24.0284,24.9899
25.0004,25.8639
25.7989,26.7873
26.6105,28.3817
28.3418,30.9989
31.6,32.7443
34.0218,29.1963
30.1199,17.9999
17.4193,4.12752
2.46215,-3.32379
-4.38098,-1.31028
-1.03744,4.11315
4.74113,6.56039
6.63024,6.301
6.06613,6.5425
6.49414,7.88408
7.96348,9.13416
9.14598,10.0227
9.99719,10.9614
10.9619,12.0007
12.0077,13.0094
13.0076,13.9975
13.9962,14.9985
14.9994,16.001
16.001,17
16.9998,17.9998
17.9999,19.0001
19.0002,20
20,20.9995
20.999,21.9993

19.0002,20
20,20.9993
20.9986,21.9994
21.998,23.0061
23.009,24.0168
24.0323,24.983
24.9914,25.8418
25.7675,26.7789
26.5965,28.4442
28.4169,31.1292
31.7467,32.8427
34.1113,29.2125
30.1204,18.0257
17.4657,4.18671
2.5476,-3.40374
-4.49234,-1.57487
-1.35089,3.93602
4.58009,6.64216
6.75925,6.4359
6.20031,6.53314
6.45721,7.82199
7.9009,9.13589
9.16032,10.0461
10.0195,10.9583
10.9542,11.9934
12.0017,13.0119
13.0113,13.9991
13.997,14.9974
14.9981,16.001
16.0012,17.0003
17,17.9997
17.9997,19.0001

16.0011,17.0007
17.0004,17.9997
17.9996,19
19.0002,20
19.9999,20.9991
20.9982,21.9996
21.9982,23.0081
23.0122,24.0186
24.0359,24.975
24.981,25.8193
25.736,26.7722
26.5849,28.5072
28.4919,31.2563
31.8888,32.9413
34.2023,29.2361
30.1307,18.053
17.5114,4.23608
2.62028,-3.48546
-4.60215,-1.82875
-1.65087,3.75764
4.41345,6.71082
6.87308,6.57269
6.34088,6.53609
6.43367,7.75881
7.83373,9.12984
9.16677,10.0709
10.0452,10.9589
10.9498,11.9848
11.9937,13.0131
13.0142,14.0014
13.9988,14.9964
14.9968,16.0006

13.0158,14.0044
14.0015,14.9958
14.9957,15.9998
16.0006,17.001
17.0008,17.9998
17.9997,18.9999
19.0001,19.9999
19.9998,20.9988
20.9977,22
21.9986,23.0103
23.0157,24.0202
24.039,24.9659
24.9692,25.7964
25.7044,26.7669
26.5754,28.5704
28.5666,31.3808
32.0271,33.0403
34.2949,29.2662
30.1495,18.0817
17.5567,4.27696
2.68191,-3.56916
-4.71127,-2.07357
-1.93923,3.5788
4.24282,6.76792
6.97316,6.71003
6.48571,6.55032
6.42292,7.69603
7.76398,9.11637
9.16517,10.0957
10.0728,10.9633
10.949,11.9757
11.9842,13.0129

10.1011,10.9714
10.9523,11.9666
11.9738,13.0111
13.016,14.0077
14.0048,14.9958
14.995,15.9989
15.9998,17.0013
17.0013,18
17.9998,18.9998
19,19.9998
19.9997,20.9986
20.9973,22.0005
21.9992,23.0127
23.0195,24.0214
24.0417,24.9558
24.9561,25.7733
25.6728,26.7629
26.5677,28.6338
28.6409,31.5029
32.162,33.14
34.3893,29.3023
30.176,18.1117
17.6016,4.31041
2.73385,-3.65498
-4.82032,-2.31071
-2.21755,3.40004
4.0694,6.81482
7.06083,6.84695
6.6332,6.57479
6.42419,7.63485
7.69328,9.09601
9.15567,10.1196

6.43662,7.57614
7.62297,9.06941
9.13867,10.1417
10.1291,10.9828
10.9595,11.9581
11.9632,13.0076
13.0143,14.0109
14.0085,14.9964
14.9949,15.9977
15.9987,17.0014
17.0016,18.0003
18.0001,18.9997
18.9999,19.9996
19.9994,20.9984
20.9969,22.0012
22.0001,23.0154
23.0236,24.0223
24.0438,24.9448
24.9418,25.7501
25.6413,26.7601
26.5616,28.6972
28.7147,31.6231
32.294,33.2405
34.4854,29.3437
30.2093,18.1428
17.6464,4.33731
2.77726,-3.74299
-4.92979,-2.54132
-2.48719,3.22171
3.89408,6.85272
7.13733,6.98277
6.78209,6.60853

3.7175,6.88265
7.20379,7.11702
6.93145,6.6506
6.45935,7.52057
7.55413,9.03723
9.11468,10.1613
10.1558,10.9974
10.9705,11.9507
11.9531,13.0026
13.011,14.0139
14.0123,14.9977
14.9954,15.9966
15.9974,17.0012
17.0017,18.0007
18.0004,18.9996
18.9997,19.9993
19.999,20.9982
20.9964,22.002
22.0012,23.0182
23.0278,24.0227
24.0454,24.9329
24.9265,25.7267
25.6099,26.7582
26.5568,28.7606
28.7879,31.7415
32.4237,33.342
34.5833,29.39
30.2488,18.175
17.6912,4.35841
2.81309,-3.83322
-5.04001,-2.76637
-2.74931,3.04404

2.84216,-3.92569
-5.15127,-2.98668
-3.00491,2.86715
3.54016,6.90553
7.26122,7.24937
7.08056,6.70015
6.49152,7.46862
7.48756,9.00013
9.08427,10.178
10.1804,11.0146
10.9851,11.9449
11.9439,12.9962
13.0059,14.0164
14.0159,14.9996
14.9967,15.9955
15.9961,17.0008
17.0015,18.0011
18.0009,18.9996
18.9997,19.9989
19.9985,20.9981
20.9961,22.0031
22.0026,23.0211
23.0323,24.0228
24.0465,24.9202
24.9102,25.7032
25.5786,26.7572
26.5532,28.8238
28.8606,31.8584
32.5513,33.4445
34.6831,29.4407
30.2939,18.2083
17.7359,4.37431

34.7847,29.4956
30.3441,18.2424
17.7807,4.38555
2.86515,-4.0204
-5.26376,-3.20296
-3.25487,2.69113
3.36239,6.92213
7.31053,7.37963
7.22892,6.75644
6.53233,7.42059
7.42392,8.95878
9.04807,10.1915
10.2024,11.034
11.0028,11.9409
11.9361,12.9888
12.9992,14.018
14.019,15.0021
14.9987,15.9947
15.9948,17.0002
17.0011,18.0015
18.0015,18.9997
18.9996,19.9985
19.998,20.9979
20.9957,22.0044
22.0043,23.0241
23.0369,24.0225
24.047,24.9067
24.893,25.6797
25.5474,26.7569
26.5506,28.8868
28.9326,31.9741
32.6771,33.5482

26.5487,28.9496
29.004,32.0887
32.8014,33.653
34.8882,29.5543
30.399,18.2776
17.8257,4.39258
2.88266,-4.11732
-5.37763,-3.41583
-3.49995,2.51598
3.18445,6.93314
7.35252,7.50768
7.37613,6.81877
6.58103,7.37673
7.36368,8.91378
9.0067,10.2014
10.2213,11.0552
11.0232,11.9389
11.9301,12.9804
12.9912,14.0188
14.0214,15.005
15.0014,15.9942
15.9937,16.9993
17.0004,18.0019
18.002,18.9998
18.9997,19.9981
19.9974,20.9977
20.9954,22.0058
22.0063,23.0273
23.0417,24.0218
24.047,24.8925
24.8749,25.656
25.5164,26.7573

24.0464,24.8776
24.8561,25.6323
25.4856,26.7582
26.5476,29.0121
29.0748,32.2024
32.9245,33.759
34.9935,29.6166
30.4584,18.3135
17.8709,4.39578
2.89518,-4.21644
-5.49301,-3.6258
-3.7408,2.34171
3.00651,6.93916
7.3879,7.63346
7.52192,6.88654
6.63692,7.33714
7.30718,8.86568
8.96075,10.2075
10.2368,11.0776
11.0459,11.9392
11.9261,12.9715
12.9821,14.0185
14.0228,15.0082
15.0046,15.9941
15.993,16.9982
16.9995,18.0021
18.0024,19.0001
18.9998,19.9977
19.9967,20.9976
20.9951,22.0075
22.0085,23.0306
23.0465,24.0206

20.9949,22.0093
22.011,23.0339
23.0515,24.019
24.0452,24.862
24.8365,25.6086
25.4548,26.7595
26.5471,29.0744
29.145,32.3154
33.0464,33.8663
35.1007,29.6822
30.5218,18.3504
17.9163,4.3955
2.90317,-4.31773
-5.60997,-3.83334
-3.978,2.16827
2.82869,6.9407
7.41733,7.75698
7.66613,6.95921
6.69938,7.30189
7.25468,8.81502
8.91082,10.21
10.2485,11.101
11.0704,11.9417
11.9244,12.9623
12.9721,14.0171
14.0231,15.0116
15.0082,15.9944
15.9927,16.9971
16.9983,18.0021
18.0027,19.0003
19,19.9972
19.996,20.9975

18.0028,19.0006
19.0003,19.9969
19.9953,20.9974
20.9947,22.0113
22.0137,23.0373
23.0565,24.0171
24.0435,24.8459
24.8163,25.5847
25.4241,26.7613
26.5471,29.1364
29.2146,32.4277
33.1675,33.9749
35.2097,29.7511
30.5891,18.3881
17.9621,4.39201
2.90699,-4.42115
-5.72858,-4.03885
-4.21207,1.9956
2.65106,6.93822
7.44136,7.87827
7.80862,7.0363
6.76782,7.27098
7.20635,8.76223
8.85742,10.2086
10.2564,11.1249
11.0963,11.9465
11.9251,12.9531
12.9616,14.0146
14.0223,15.015
15.0121,15.9953
15.9929,16.9959
16.997,18.002

15.0161,15.9966
15.9936,16.9947
16.9956,18.0016
18.0027,19.0009
19.0005,19.9965
19.9947,20.9974
20.9946,22.0135
22.0167,23.0407
23.0615,24.0147
24.0413,24.8291
24.7954,25.5608
25.3935,26.7633
26.5475,29.1982
29.2837,32.5395
33.2879,34.0848
35.3205,29.8229
30.66,18.4266
18.0081,4.38559
2.907,-4.52669
-5.8489,-4.24269
-4.44346,1.82366
2.47366,6.93212
7.4605,7.99739
7.94933,7.11741
6.84175,7.2444
7.16227,8.70776
8.80106,10.2034
10.2604,11.149
11.1233,11.9535
11.9283,12.944
12.9509,14.0109
14.0202,15.0183

11.934,12.9354
12.9401,14.0062
14.0168,15.0214
15.0201,15.9985
15.9949,16.9936
16.9942,18.001
18.0024,19.0011
19.0008,19.9963
19.9941,20.9975
20.9945,22.0158
22.0199,23.0442
23.0666,24.0119
24.0386,24.8118
24.7739,25.5368
25.3629,26.7656
26.5482,29.2597
29.3522,32.6509
33.4076,34.196
35.433,29.8976
30.7343,18.4659
18.0546,4.37645
2.90349,-4.6343
-5.97097,-4.44516
-4.67258,1.65236
2.2965,6.92274
7.47519,8.1144
8.08824,7.20217
6.92069,7.22208
7.12251,8.65196
8.74219,10.1946
10.2604,11.1728
11.1508,11.9628

8.68123,10.1821
10.2563,11.1963
11.1787,11.9743
11.9421,12.9274
12.9296,14.0003
14.0122,15.024
15.0239,16.0009
15.9968,16.9927
16.9929,18.0002
18.0018,19.0013
19.001,19.9961
19.9935,20.9977
20.9946,22.0183
22.0232,23.0476
23.0717,24.0087
24.0355,24.794
24.7518,25.5127
25.3323,26.7681
26.5491,29.321
29.4201,32.7619
33.5268,34.3085
35.5474,29.975
30.8118,18.506
18.1015,4.36479
2.89671,-4.74396
-6.09481,-4.64655
-4.89977,1.48164
2.11959,6.91039
7.48583,8.22941
8.22536,7.29025
7.00424,7.20395
7.08708,8.59517

8.3607,7.38138
7.09202,7.18991
7.05594,8.53767
8.61855,10.1661
10.2483,11.219
11.2064,11.9877
11.9526,12.9202
12.9195,13.9936
14.0064,15.0261
15.0273,16.0037
15.9992,16.992
16.9917,17.9992
18.001,19.0013
19.0011,19.996
19.9931,20.9979
20.9948,22.0209
22.0268,23.0511
23.0768,24.0051
24.0318,24.7756
24.7291,25.4884
25.3017,26.7708
26.5502,29.3819
29.4876,32.8727
33.6457,34.4224
35.6635,30.0551
30.8924,18.5468
18.1488,4.35079
2.88691,-4.85563
-6.22045,-4.8471
-5.12537,1.3114
1.9429,6.89534
7.49278,8.34249

-5.34966,1.14158
1.7664,6.87783
7.49634,8.45375
8.49432,7.47531
7.18371,7.17987
7.02907,8.47973
8.55448,10.1467
10.2365,11.2408
11.2338,12.003
11.9655,12.914
12.9102,13.9859
13.9995,15.0277
15.0303,16.0068
16.0022,16.9916
16.9908,17.998
17.9999,19.0012
19.0011,19.9959
19.9927,20.9984
20.9951,22.0237
22.0305,23.0546
23.0819,24.0012
24.0277,24.7567
24.7059,25.4641
25.2711,26.7735
26.5514,29.4427
29.5546,32.9834
33.7643,34.5376
35.7814,30.1377
30.976,18.5885
18.1965,4.33462
2.87428,-4.96931
-6.3479,-5.04703

18.2447,4.3164
2.85902,-5.08494
-6.47718,-5.24654
-5.5729,0.972081
1.59006,6.85806
7.49681,8.56329
8.62628,7.57183
7.27903,7.17372
7.0064,8.42157
8.48933,10.124
10.2208,11.2614
11.2606,12.0201
11.9806,12.909
12.9017,13.9776
13.9915,15.0285
15.0327,16.0102
16.0056,16.9916
16.9902,17.9967
17.9987,19.001
19.0009,19.9959
19.9924,20.9989
20.9957,22.0266
22.0345,23.058
23.0869,23.9969
24.0231,24.7373
24.6822,25.4395
25.2404,26.7763
26.5527,29.5032
29.6212,33.094
33.8827,34.6543
35.901,30.2227
31.0625,18.6309

34.0009,34.7723
36.0224,30.3101
31.1517,18.674
18.2935,4.29627
2.84128,-5.20253
-6.60828,-5.44582
-5.79533,0.802838
1.41382,6.83622
7.49443,8.67122
8.75664,7.67074
7.3777,7.17135
6.98785,8.36339
8.42338,10.0982
10.2014,11.2808
11.2865,12.0388
11.9978,12.9051
12.8943,13.9686
13.9825,15.0286
15.0344,16.0139
16.0094,16.9919
16.9899,17.9953
17.9972,19.0005
19.0006,19.996
19.9922,20.9997
20.9964,22.0296
22.0386,23.0614
23.0919,23.9922
24.0181,24.7175
24.658,25.4148
25.2097,26.7791
26.554,29.5634
29.6873,33.2045

25.1788,26.7819
26.5553,29.6234
29.753,33.3151
34.1192,34.8916
36.1455,30.3998
31.2436,18.718
18.3428,4.27434
2.82123,-5.32203
-6.74123,-5.64503
-6.01717,0.633769
1.23763,6.81248
7.48942,8.77764
8.88547,7.77189
7.47951,7.17266
6.97335,8.30536
8.35685,10.0693
10.1785,11.2986
11.3113,12.059
12.0169,12.9026
12.8881,13.959
13.9727,15.0279
15.0353,16.0178
16.0136,16.9926
16.99,17.9939
17.9956,18.9998
19,19.996
19.992,21.0006
20.9973,22.0328
22.0428,23.0647
23.0968,23.9872
24.0126,24.6972
24.6333,25.3899

23.1017,23.9818
24.0068,24.6765
24.6082,25.3648
25.1478,26.7847
26.5566,29.6832
29.8183,33.4258
34.2374,35.0124
36.2703,30.4917
31.338,18.7627
18.3926,4.25072
2.799,-5.44343
-6.87602,-5.84431
-6.2386,0.464797
1.06146,6.78698
7.482,8.88264
9.01286,7.87513
7.58424,7.17754
6.96282,8.24763
8.28997,10.0376
10.152,11.3149
11.3348,12.0805
12.038,12.9016
12.8832,13.9491
13.9622,15.0263
15.0354,16.0216
16.0179,16.9938
16.9905,17.9924
17.9939,18.9989
18.9992,19.9961
19.9919,21.0017
20.9984,22.0361
22.0473,23.068

19.9918,21.003
20.9998,22.0396
22.0519,23.0712
23.1065,23.9761
24.0005,24.6553
24.5826,25.3395
25.1166,26.7873
26.5577,29.7428
29.8832,33.5366
34.3558,35.1346
36.3968,30.5858
31.4349,18.8082
18.443,4.2255
2.7747,-5.56672
-7.01265,-6.0438
-6.45981,0.295848
0.885231,6.75984
7.47234,8.98633
9.13889,7.98035
7.69173,7.18588
6.95615,8.19034
8.22292,10.0031
10.1222,11.3296
11.3569,12.1032
12.0607,12.902
12.8798,13.9389
13.9511,15.0239
15.0345,16.0255
16.0225,16.9954
16.9915,17.9909
17.9921,18.9978
18.9981,19.9962

16.993,17.9896
17.9903,18.9965
18.9968,19.9962
19.9917,21.0045
21.0014,22.0433
22.0568,23.0744
23.1112,23.97
23.9938,24.6337
24.5565,25.3139
25.0852,26.7899
26.5587,29.8022
29.9477,33.6476
34.4743,35.2582
36.525,30.682
31.5343,18.8544
18.494,4.19876
2.74846,-5.69187
-7.15113,-6.24364
-6.68096,0.126848
0.708899,6.7312
7.46059,9.0888
9.26363,8.08744
7.80181,7.19759
6.95327,8.1336
8.15588,9.96603
10.0892,11.3424
11.3775,12.127
12.0849,12.9039
12.8778,13.9286
13.9395,15.0205
15.0328,16.0293
16.0271,16.9974

13.9276,15.0164
15.03,16.0329
16.0317,16.9998
16.9949,17.9883
17.9886,18.9949
18.9953,19.9961
19.9916,21.0061
21.0032,22.0472
22.0618,23.0775
23.1158,23.9636
23.9868,24.6117
24.53,25.2881
25.0536,26.7923
26.5595,29.8614
30.012,33.7587
34.593,35.3832
36.6549,30.7803
31.636,18.9014
18.5456,4.17058
2.72037,-5.81886
-7.29147,-6.44392
-6.9022,-0.0422716
0.532404,6.70114
7.44692,9.19014
9.38718,8.1963
7.91434,7.21256
6.95407,8.0775
8.08898,9.92644
10.0531,11.3534
11.3963,12.1516
12.1106,12.9073
12.8775,13.9182

11.4134,12.177
12.1375,12.9123
12.8788,13.9078
13.9154,15.0113
15.0263,16.0363
16.0362,17.0026
16.9973,17.9872
17.9869,18.9932
18.9934,19.996
19.9914,21.008
21.0053,22.0512
22.067,23.0805
23.1203,23.9568
23.9793,24.5892
24.5031,25.2621
25.0218,26.7945
26.5601,29.9204
30.0758,33.8702
34.7119,35.5096
36.7865,30.8807
31.7401,18.9492
18.5978,4.14104
2.69053,-5.9477
-7.43365,-6.64477
-7.12367,-0.21158
0.355688,6.66976
7.43145,9.29044
9.50961,8.30685
8.02921,7.23071
6.95847,8.02213
8.02238,9.88448
10.014,11.3624

6.96639,7.96757
7.95617,9.84026
9.97208,11.3695
11.4285,12.203
12.1656,12.9189
12.8818,13.8977
13.9032,15.0054
15.0217,16.0394
16.0406,17.0058
17.0002,17.9863
17.9854,18.9913
18.9914,19.9958
19.9912,21.0101
21.0076,22.0554
22.0725,23.0835
23.1247,23.9497
23.9714,24.5663
24.4758,25.2358
24.9897,26.7965
26.5605,29.9792
30.1394,33.9819
34.8311,35.6374
36.9199,30.9831
31.8465,18.9978
18.6507,4.11019
2.65901,-6.07835
-7.57768,-6.84627
-7.3455,-0.381144
0.178696,6.63714
7.41429,9.38979
9.631,8.41904
8.1463,7.25195

7.39556,9.48827
9.75144,8.5328
8.26552,7.27618
6.97772,7.91388
7.89046,9.79389
9.9274,11.3745
11.4416,12.2296
12.1946,12.9271
12.8865,13.8879
13.891,14.9987
15.016,16.0421
16.0447,17.0093
17.0035,17.9856
17.984,18.9892
18.9891,19.9955
19.9909,21.0123
21.0102,22.0599
22.0781,23.0863
23.1291,23.9422
23.9632,24.5431
24.448,25.2091
24.9574,26.7984
26.5606,30.0378
30.2027,34.094
34.9506,35.7667
37.0548,31.0875
31.9551,19.0471
18.7042,4.0781
2.62591,-6.21082
-7.72356,-7.04852
-7.56781,-0.551027
0.00136924,6.60335

-7.8713,-7.25161
-7.79071,-0.721291
-0.176347,6.56846
7.37535,9.58596
9.871,8.64808
8.38679,7.30334
6.9924,7.86111
7.82535,9.74546
9.88009,11.3775
11.4527,12.2566
12.2245,12.9369
12.8929,13.8784
13.8789,14.9912
15.0094,16.0444
16.0484,17.0131
17.0073,17.9852
17.9829,18.987
18.9866,19.9951
19.9905,21.0147
21.0129,22.0645
22.084,23.0892
23.1333,23.9343
23.9546,24.5193
24.4198,25.1822
24.9248,26.8
26.5605,30.0963
30.2657,34.2064
35.0704,35.8974
37.1915,31.1938
32.0659,19.0972
18.7584,4.04483
2.59128,-6.34509

32.1789,19.1482
18.8133,4.01041
2.5552,-6.48115
-8.02089,-7.45561
-8.0143,-0.891996
-0.354509,6.53253
7.35375,9.68294
9.98977,8.76485
8.51004,7.33335
7.01035,7.80931
7.76091,9.6951
9.83026,11.3785
11.4617,12.2838
12.2551,12.9481
12.9011,13.8694
13.867,14.9829
15.0018,16.0461
16.0518,17.0172
17.0114,17.9851
17.982,18.9847
18.9839,19.9946
19.99,21.0172
21.0159,22.0693
22.0902,23.092
23.1375,23.9262
23.9455,24.4952
24.3912,25.155
24.8919,26.8014
26.5601,30.1545
30.3284,34.3192
35.1907,36.0296
37.3299,31.3021

30.3908,34.4323
35.3114,36.1632
37.47,31.4123
32.2941,19.1999
18.8689,3.97491
2.51773,-6.61899
-8.17234,-7.66061
-8.23868,-1.0632
-0.533171,6.4956
7.33083,9.77927
10.1078,8.88307
8.6352,7.36614
7.03148,7.75852
7.6972,9.64287
9.77803,11.3773
11.4686,12.3112
12.2862,12.961
12.911,13.8609
13.8555,14.974
14.9934,16.0474
16.0547,17.0215
17.0159,17.9852
17.9814,18.9824
18.9811,19.9939
19.9893,21.0199
21.0191,22.0744
22.0965,23.0947
23.1416,23.9177
23.9361,24.4707
24.3622,25.1274
24.8587,26.8025
26.5594,30.2127

24.3327,25.0995
24.8251,26.8034
26.5584,30.2707
30.453,34.546
35.4325,36.2983
37.6117,31.5244
32.4113,19.2524
18.9252,3.93836
2.47892,-6.75861
-8.32564,-7.86666
-8.46395,-1.23496
-0.712387,6.45773
7.30666,9.87502
10.2252,9.00271
8.76223,7.40164
7.05573,7.70877
7.6343,9.58888
9.72348,11.374
11.4732,12.3387
12.3179,12.9753
12.9227,13.8531
13.8445,14.9643
14.9841,16.048
16.0571,17.026
17.0207,17.9857
17.9811,18.9799
18.9781,19.9931
19.9885,21.0226
21.0224,22.0797
22.1031,23.0975
23.1457,23.9088
23.9264,24.4457

22.11,23.1002
23.1497,23.8997
23.9162,24.4203
24.3027,25.0713
24.7912,26.8039
26.557,30.3285
30.515,34.66
35.5541,36.4348
37.7552,31.6385
32.5307,19.3058
18.9823,3.9008
2.43883,-6.90001
-8.4808,-8.07384
-8.69019,-1.40733
-0.892209,6.41895
7.28132,9.97027
10.342,9.12375
8.89109,7.4398
7.08302,7.66009
7.57224,9.53321
9.66672,11.3686
11.4757,12.3662
12.3499,12.9911
12.9361,13.846
13.834,14.9541
14.9739,16.0481
16.0588,17.0306
17.0258,17.9865
17.9811,18.9775
18.9751,19.9921
19.9876,21.0255
21.0259,22.0852

18.972,19.991
19.9865,21.0285
21.0296,22.0908
22.1171,23.1028
23.1537,23.8902
23.9057,24.3944
24.2723,25.0426
24.7569,26.8042
26.5552,30.3862
30.5767,34.7746
35.6762,36.5728
37.9003,31.7543
32.6522,19.36
19.0401,3.86227
2.3975,-7.04317
-8.63783,-8.28221
-8.91748,-1.58037
-1.07269,6.3793
7.25485,10.0651
10.4583,9.24618
9.02172,7.48056
7.11331,7.6125
7.51109,9.47593
9.60783,11.3611
11.4759,12.3935
12.3821,13.0083
12.9511,13.8397
13.8241,14.9433
14.963,16.0475
16.06,17.0353
17.0311,17.9877
17.9815,18.975

16.0605,17.04
17.0365,17.9892
17.9823,18.9727
18.9688,19.9898
19.9853,21.0315
21.0333,22.0967
22.1245,23.1055
23.1577,23.8803
23.8948,24.3681
24.2415,25.0136
24.7223,26.8041
26.5531,30.4437
30.6382,34.8896
35.7988,36.7123
38.0471,31.8721
32.7758,19.415
19.0986,3.8228
2.35498,-7.1881
-8.79671,-8.49183
-9.14589,-1.75412
-1.25388,6.33881
7.22731,10.1595
10.5741,9.36999
9.1541,7.52386
7.14651,7.56603
7.45087,9.41711
9.54691,11.3515
11.4738,12.4207
12.4145,13.027
12.9679,13.8342
13.8149,14.9321
14.9514,16.0462

12.9863,13.8295
13.8065,14.9203
14.9391,16.0442
16.0602,17.0448
17.0421,17.9911
17.9835,18.9703
18.9657,19.9884
19.9839,21.0346
21.0372,22.1028
22.1321,23.1082
23.1616,23.8702
23.8836,24.3413
24.2102,24.9842
24.6872,26.8037
26.5506,30.5011
30.6995,35.0052
35.9219,36.8533
38.1957,31.9917
32.9014,19.4708
19.158,3.78244
2.3113,-7.33479
-8.95747,-8.70276
-9.37551,-1.92863
-1.43583,6.29752
7.19875,10.2536
10.6896,9.49516
9.28821,7.56967
7.18259,7.52069
7.39163,9.35683
9.48403,11.3397
11.4695,12.4476
12.447,13.047

9.41927,11.3259
11.4628,12.4741
12.4794,13.0683
13.0063,13.8259
13.799,14.9082
14.9262,16.0414
16.0592,17.0495
17.0478,17.9933
17.985,18.9681
18.9626,19.987
19.9823,21.0378
21.0412,22.1091
22.1399,23.1109
23.1656,23.8598
23.872,24.3141
24.1784,24.9543
24.6517,26.803
26.5477,30.5584
30.7605,35.1213
36.0457,36.9958
38.3459,32.1132
33.0291,19.5275
19.2181,3.74119
2.26652,-7.48325
-9.12009,-8.91506
-9.6064,-2.10396
-1.61859,6.25544
7.16921,10.3474
10.8047,9.6217
9.42402,7.61792
7.22148,7.47649
7.33338,9.29515

9.56153,7.66859
7.26314,7.43344
7.27616,9.23213
9.3527,11.3099
11.4539,12.5002
12.5116,13.0909
13.0278,13.8232
13.7924,14.8958
14.9127,16.038
16.0575,17.0541
17.0534,17.9959
17.987,18.9661
18.9596,19.9854
19.9807,21.0409
21.0452,22.1156
22.148,23.1137
23.1695,23.849
23.8601,24.2865
24.1462,24.9241
24.6157,26.8019
26.5444,30.6156
30.8214,35.2379
36.17,37.1398
38.4979,32.2365
33.1588,19.5851
19.2791,3.6991
2.22065,-7.63346
-9.28459,-9.12877
-9.83863,-2.28016
-1.80221,6.21261
7.13872,10.441
10.9196,9.74959

-1.98672,6.16903
7.10732,10.5345
11.0342,9.87885
9.7007,7.72164
7.30751,7.39155
7.22,9.16782
9.28439,11.2918
11.4426,12.5258
12.5437,13.1148
13.0509,13.8216
13.7868,14.883
14.8988,16.0338
16.0549,17.0585
17.0591,17.9988
17.9893,18.9641
18.9567,19.9838
19.9788,21.0441
21.0493,22.1223
22.1563,23.1164
23.1735,23.838
23.8479,24.2583
24.1134,24.8933
24.5793,26.8004
26.5407,30.6726
30.8821,35.3551
36.2949,37.2853
38.6516,32.3617
33.2906,19.6435
19.3409,3.6562
2.17375,-7.78543
-9.45097,-9.34394
-10.0723,-2.45726

2.12583,-7.93917
-9.61924,-9.56063
-10.3074,-2.63531
-2.17219,6.12473
7.07504,10.6278
11.1487,10.0095
9.84155,7.77703
7.35457,7.35083
7.1649,9.10228
9.21441,11.2716
11.4291,12.5509
12.5754,13.1398
13.0756,13.821
13.7823,14.8701
14.8844,16.0288
16.0515,17.0628
17.0646,18.002
17.992,18.9624
18.9539,19.982
19.9769,21.0473
21.0535,22.1291
22.1648,23.1192
23.1775,23.8267
23.8353,24.2297
24.0802,24.8621
24.5424,26.7986
26.5365,30.7296
30.9426,35.4729
36.4204,37.4323
38.807,32.4887
33.4244,19.7028
19.4035,3.61249

38.9641,32.6176
33.5602,19.763
19.467,3.56802
2.07694,-8.09467
-9.78939,-9.77889
-10.544,-2.81436
-2.35866,6.07972
7.04192,10.7211
11.2631,10.1415
9.98406,7.83473
7.40427,7.31129
7.11088,9.03554
9.14281,11.2493
11.4132,12.5754
12.6067,13.166
13.1016,13.8215
13.7788,14.857
14.8696,16.0231
16.0473,17.0668
17.0701,18.0055
17.9951,18.9609
18.9513,19.9803
19.9749,21.0505
21.0577,22.1361
22.1735,23.1221
23.1815,23.8151
23.8225,24.2006
24.0465,24.8305
24.505,26.7964
26.5319,30.7864
31.0029,35.5912
36.5466,37.5809

26.5268,30.8431
31.0631,35.7102
36.6735,37.731
39.123,32.7483
33.698,19.8241
19.5313,3.52279
2.02709,-8.25193
-9.96145,-9.99875
-10.7822,-2.99446
-2.54617,6.03402
7.00796,10.8143
11.3775,10.2748
10.1282,7.89471
7.45657,7.27292
7.05796,8.96767
9.06966,11.2249
11.3951,12.5991
12.6376,13.1933
13.1291,13.8232
13.7765,14.8438
14.8545,16.0166
16.0422,17.0705
17.0753,18.0094
17.9986,18.9596
18.9489,19.9784
19.9728,21.0536
21.0618,22.1432
22.1824,23.125
23.1856,23.8032
23.8093,24.171
24.0123,24.7983
24.4671,26.7938

23.7959,24.141
23.9775,24.7656
24.4286,26.7907
26.5213,30.8998
31.1231,35.8298
36.801,37.8826
39.2836,32.8809
33.8379,19.8861
19.5965,3.47683
1.97631,-8.41096
-10.1354,-10.2203
-11.022,-3.17563
-2.73476,5.98763
6.97321,10.9076
11.4919,10.4096
10.2741,7.95696
7.51144,7.23573
7.00615,8.8987
8.99499,11.1985
11.3746,12.6222
12.668,13.2217
13.158,13.8261
13.7753,14.8305
14.8391,16.0093
16.0362,17.074
17.0803,18.0135
18.0025,18.9586
18.9467,19.9766
19.9706,21.0568
21.066,22.1504
22.1915,23.1279
23.1898,23.7911

21.0702,22.1578
22.2008,23.1309
23.194,23.7788
23.7821,24.1104
23.9423,24.7324
24.3896,26.7873
26.5152,30.9563
31.183,35.9501
36.9292,38.0358
39.4459,33.0153
33.9798,19.949
19.6627,3.43017
1.92463,-8.57177
-10.3113,-10.4435
-11.2635,-3.35794
-2.92447,5.94057
6.93766,11.0009
11.6062,10.5458
10.4216,8.02144
7.56886,7.19973
6.95546,8.82866
8.91887,11.17
11.3519,12.6445
12.6978,13.2511
13.1882,13.8301
13.7754,14.8173
14.8236,16.0013
16.0294,17.077
17.085,18.0178
18.0066,18.9578
18.9448,19.9747
19.9684,21.0599

18.0111,18.9574
18.9431,19.9729
19.9661,21.063
21.0744,22.1653
22.2102,23.1339
23.1983,23.7662
23.7681,24.0794
23.9065,24.6986
24.3501,26.7834
26.5087,31.0127
31.2427,36.071
37.0581,38.1906
39.61,33.1516
34.1238,20.0129
19.7297,3.38281
1.87208,-8.73435
-10.4891,-10.6684
-11.5067,-3.5414
-3.11536,5.89284
6.90136,11.0944
11.7207,10.6833
10.5707,8.08813
7.62879,7.1649
6.90589,8.7576
8.84134,11.1395
11.3269,12.666
12.727,13.2815
13.2196,13.8354
13.7768,14.8041
14.8079,15.9926
16.0218,17.0797
17.0894,18.0224

14.7921,15.9831
16.0132,17.0819
17.0935,18.0272
18.016,18.9572
18.9418,19.9711
19.9639,21.0661
21.0785,22.1729
22.2198,23.137
23.2026,23.7534
23.7539,24.0479
23.8702,24.6643
24.3099,26.779
26.5017,31.0691
31.3022,36.1926
37.1877,38.347
39.7759,33.2898
34.2698,20.0777
19.7977,3.33478
1.81866,-8.89871
-10.6688,-10.8951
-11.7518,-3.72608
-3.30747,5.84445
6.8643,11.1879
11.8354,10.8224
10.7216,8.15703
7.69121,7.13126
6.85746,8.68555
8.76244,11.1069
11.2996,12.6866
12.7555,13.3128
13.2524,13.8419
13.7794,14.791

12.7832,13.345
13.2863,13.8497
13.7834,14.7781
14.7763,15.9729
16.0039,17.0836
17.0971,18.0321
18.021,18.9574
18.9407,19.9694
19.9616,21.0691
21.0827,22.1806
22.2295,23.1402
23.207,23.7403
23.7393,24.0159
23.8334,24.6294
24.2691,26.7742
26.4941,31.1254
31.3616,36.3149
37.3181,38.5049
39.9435,33.4298
34.4178,20.1435
19.8666,3.28609
1.76441,-9.06485
-10.8504,-11.1236
-11.9986,-3.91199
-3.50082,5.79541
6.8265,11.2817
11.9502,10.9628
10.8741,8.22811
7.7561,7.09881
6.81017,8.61253
8.68222,11.0723
11.27,12.7063

6.76402,8.53859
8.6007,11.0357
11.2381,12.7251
12.8101,13.3781
13.3214,13.8587
13.7887,14.7653
14.7605,15.962
15.9936,17.0849
17.1002,18.0373
18.0264,18.9579
18.9401,19.9678
19.9594,21.0721
21.0868,22.1883
22.2393,23.1434
23.2115,23.7271
23.7246,23.9834
23.796,24.5939
24.2277,26.769
26.486,31.1816
31.4209,36.4378
37.4493,38.6645
40.1129,33.5717
34.5679,20.2102
19.9365,3.23675
1.70934,-9.23279
-11.034,-11.354
-12.2474,-4.0992
-3.69548,5.74572
6.78798,11.3756
12.0652,11.1047
11.0284,8.30136
7.82343,7.06753

12.1805,11.2481
11.1843,8.37677
7.8932,7.03744
6.71902,8.46373
8.51793,10.9971
11.204,12.7429
12.8362,13.4119
13.3576,13.8691
13.7954,14.7529
14.7448,15.9505
15.9825,17.0856
17.1029,18.0425
18.032,18.9588
18.9397,19.9663
19.9572,21.0751
21.0908,22.1961
22.2493,23.1467
23.2161,23.7136
23.7096,23.9503
23.7581,24.5578
24.1856,26.7632
26.4773,31.2377
31.4801,36.5615
37.5811,38.8256
40.2841,33.7154
34.72,20.2779
20.0073,3.18679
1.65347,-9.40252
-11.2195,-11.5863
-12.4981,-4.28772
-3.89146,5.69538
6.74874,11.4698

-12.7507,-4.47761
-4.08883,5.64439
6.7088,11.5643
12.2961,11.393
11.342,8.45433
7.96539,7.00853
6.67517,8.38799
8.43393,10.9565
11.1676,12.7597
12.8613,13.4466
13.3948,13.8807
13.8035,14.7407
14.7293,15.9382
15.9706,17.0858
17.105,18.0479
18.0378,18.96
18.9398,19.9649
19.9552,21.0781
21.0949,22.204
22.2593,23.15
23.2208,23.6999
23.6944,23.9168
23.7197,24.5211
24.1429,26.7569
26.4681,31.2937
31.5391,36.6859
37.7138,38.9884
40.4572,33.8611
34.8741,20.3466
20.0792,3.13622
1.59683,-9.57406
-11.407,-11.8205

20.152,3.08505
1.53942,-9.7474
-11.5965,-12.0567
-13.0054,-4.66889
-4.28761,5.59276
6.66816,11.6591
12.412,11.5395
11.5014,8.53404
8.03998,6.9808
6.63248,8.3114
8.34874,10.9139
11.129,12.7754
12.8855,13.4819
13.4331,13.8936
13.813,14.7289
14.7139,15.9253
15.9579,17.0853
17.1065,18.0533
18.0437,18.9616
18.9402,19.9637
19.9532,21.081
21.0989,22.2119
22.2694,23.1534
23.2255,23.6861
23.679,23.8828
23.6807,24.4837
24.0994,26.7501
26.4583,31.3496
31.5981,36.811
37.8473,39.1528
40.632,34.0086
35.0304,20.4163

37.9816,39.3188
40.8086,34.158
35.1887,20.4871
20.2259,3.03329
1.48126,-9.92257
-11.7879,-12.2949
-13.2621,-4.86161
-4.48784,5.54048
6.62682,11.7543
12.5284,11.6874
11.6626,8.61589
8.11697,6.95425
6.59094,8.23396
8.26238,10.8693
11.0881,12.7901
12.9088,13.518
13.4724,13.9078
13.824,14.7175
14.6988,15.9117
15.9444,17.0843
17.1075,18.0588
18.0498,18.9635
18.9411,19.9626
19.9514,21.084
21.1029,22.2199
22.2797,23.1568
23.2303,23.672
23.6633,23.8483
23.6412,24.4457
24.0553,26.7428
26.4479,31.4055
31.6569,36.9369

24.0105,26.735
26.437,31.4613
31.7155,37.0635
38.1167,39.4865
40.9871,34.3094
35.3491,20.5588
20.3008,2.98095
1.42238,-10.0996
-11.9814,-12.5351
-13.5209,-5.05579
-4.68957,5.48756
6.5848,11.8498
12.6451,11.8369
11.8256,8.69987
8.19634,6.92888
6.55057,8.1557
8.17489,10.8228
11.045,12.8036
12.931,13.5547
13.5127,13.9234
13.8364,14.7065
14.6841,15.8975
15.9301,17.0826
17.1078,18.0643
18.056,18.9659
18.9423,19.9618
19.9498,21.0869
21.1069,22.2279
22.2899,23.1602
23.2351,23.6578
23.6475,23.8133
23.6011,24.4071

23.24,23.6434
23.6315,23.7778
23.5605,24.3677
23.965,26.7265
26.4253,31.517
31.7741,37.1909
38.2526,39.6559
41.1674,34.4627
35.5116,20.6316
20.3768,2.92806
1.36277,-10.2784
-12.1768,-12.7774
-13.7819,-5.25149
-4.89283,5.43399
6.54209,11.9457
12.7622,11.988
11.9904,8.78599
8.27809,6.90469
6.51135,8.07664
8.08627,10.7742
10.9996,12.816
12.9521,13.5921
13.5538,13.9403
13.8502,14.696
14.6696,15.8828
15.915,17.0802
17.1074,18.0697
18.0623,18.9685
18.944,19.9612
19.9483,21.0899
21.1108,22.2359
22.3002,23.1637

19.9471,21.0929
21.1148,22.2439
22.3106,23.1672
23.245,23.6288
23.6153,23.7418
23.5194,24.3277
23.9187,26.7176
26.4131,31.5727
31.8326,37.3191
38.3894,39.8269
41.3496,34.6179
35.6761,20.7055
20.4538,2.87461
1.30247,-10.4591
-12.3742,-13.0218
-14.0451,-5.44873
-5.09766,5.37977
6.4987,12.0421
12.8799,12.1408
12.157,8.87425
8.36222,6.88168
6.47329,7.99679
7.99656,10.7238
10.952,12.8272
12.9721,13.63
13.5958,13.9585
13.8656,14.686
14.6556,15.8675
15.8992,17.0772
17.1063,18.0752
18.0687,18.9716
18.9461,19.9608

17.1045,18.0805
18.075,18.975
18.9486,19.9607
19.9461,21.0959
21.1188,22.2519
22.321,23.1707
23.2501,23.614
23.5989,23.7052
23.4777,24.287
23.8716,26.708
26.4002,31.6282
31.8909,37.4481
38.527,39.9997
41.5337,34.775
35.8428,20.7804
20.532,2.82063
1.24147,-10.6416
-12.5737,-13.2683
-14.3105,-5.64754
-5.3041,5.32489
6.45463,12.1389
12.9981,12.2951
12.3254,8.96463
8.44871,6.85985
6.4364,7.91616
7.90578,10.6713
10.9022,12.8373
12.991,13.6685
13.6387,13.9781
13.8824,14.6766
14.642,15.8516
15.8827,17.0734

13.9007,14.6678
14.6289,15.8352
15.8654,17.069
17.102,18.0858
18.0814,18.9788
18.9515,19.9609
19.9453,21.0989
21.1228,22.2599
22.3314,23.1743
23.2552,23.5991
23.5823,23.6682
23.4355,24.2456
23.8238,26.6978
26.3866,31.6837
31.9491,37.5779
38.6655,40.1742
41.7196,34.9341
36.0117,20.8565
20.6112,2.76611
1.1798,-10.8259
-12.7752,-13.5171
-14.5782,-5.84797
-5.51219,5.26936
6.40988,12.2362
13.1168,12.4511
12.4957,9.05716
8.53758,6.8392
6.40067,7.83478
7.81394,10.617
10.8502,12.8461
13.0087,13.7075
13.6823,13.999

10.796,12.8536
13.0252,13.7469
13.7267,14.0212
13.9206,14.6596
14.6163,15.8183
15.8475,17.0638
17.0986,18.0909
18.0877,18.983
18.9549,19.9613
19.9449,21.1021
21.1268,22.2679
22.3418,23.1778
23.2603,23.584
23.5656,23.6307
23.3927,24.2035
23.7752,26.6871
26.3724,31.7391
32.0072,37.7085
38.8049,40.3503
41.9075,35.0952
36.1826,20.9336
20.6915,2.71108
1.11746,-11.0122
-12.9788,-13.768
-14.8481,-6.05005
-5.72196,5.21317
6.36446,12.334
13.2361,12.6088
12.6679,9.15183
8.62881,6.81972
6.36612,7.75264
7.72106,10.5607

8.72242,6.80143
6.33272,7.66977
7.62716,10.5024
10.7396,12.8599
13.0405,13.7869
13.7718,14.0448
13.9419,14.6521
14.6043,15.801
15.829,17.0578
17.0945,18.0958
18.0939,18.9875
18.9587,19.9622
19.9447,21.1052
21.1308,22.2759
22.3523,23.1813
23.2654,23.5687
23.5487,23.5927
23.3494,24.1606
23.7258,26.6757
26.3575,31.7944
32.0652,37.8399
38.9452,40.5283
42.0972,35.2583
36.3557,21.0118
20.773,2.65553
1.05447,-11.2003
-13.1844,-14.0212
-15.1205,-6.25382
-5.93346,5.15631
6.31835,12.4323
13.356,12.7681
12.8421,9.24865

6.27156,12.5313
13.4765,12.9292
13.0181,9.34762
8.8184,6.78431
6.3005,7.58617
7.53224,10.4422
10.6809,12.8649
13.0545,13.8272
13.8176,14.0697
13.9648,14.6452
14.593,15.7832
15.8098,17.0511
17.0895,18.1005
18.1001,18.9924
18.9629,19.9633
19.9449,21.1085
21.1349,22.2839
22.3627,23.1849
23.2706,23.5532
23.5316,23.5542
23.3055,24.117
23.6756,26.6636
26.3418,31.8496
32.1231,37.9722
39.0864,40.708
42.2889,35.4233
36.531,21.0912
20.8556,2.59948
0.990836,-11.3903
-13.392,-14.2767
-15.3952,-6.4593
-6.14671,5.09878

-13.6018,-14.5345
-15.6723,-6.66654
-6.36176,5.04056
6.22409,12.6308
13.5977,13.0921
13.1961,9.44875
8.91675,6.76838
6.26945,7.50185
7.43633,10.3801
10.6201,12.8686
13.0672,13.8679
13.864,14.096
13.9892,14.6392
14.5823,15.7649
15.79,17.0436
17.0837,18.105
18.106,18.9976
18.9675,19.9648
19.9454,21.1119
21.1391,22.2919
22.3731,23.1884
23.2759,23.5376
23.5144,23.5152
23.2611,24.0727
23.6246,26.651
26.3255,31.9048
32.1808,38.1053
39.2285,40.8894
42.4826,35.5904
36.7085,21.1717
20.9394,2.54295
0.926573,-11.5823

36.8881,21.2533
21.0243,2.48593
0.861689,-11.7761
-13.8137,-14.7946
-15.9519,-6.87556
-6.57864,4.98167
6.17593,12.7309
13.7196,13.2567
13.3761,9.55205
9.0175,6.75363
6.23958,7.41682
7.33944,10.316
10.557,12.8709
13.0786,13.909
13.9111,14.1236
14.0151,14.6339
14.5723,15.7463
15.7697,17.0353
17.0771,18.1093
18.1118,19.0031
18.9726,19.9667
19.9464,21.1154
21.1434,22.2999
22.3836,23.1919
23.2811,23.5218
23.497,23.4757
23.2161,24.0276
23.5727,26.6376
26.3084,31.9598
32.2385,38.2393
39.3715,41.0726
42.6782,35.7595

32.296,38.3741
39.5155,41.2577
42.8757,35.9306
37.07,21.3362
21.1105,2.42843
0.796194,-11.9718
-14.0276,-15.0571
-16.2341,-7.08641
-6.7974,4.92208
6.12708,12.8316
13.8422,13.4232
13.5582,9.65754
9.12063,6.74007
6.21088,7.33108
7.24157,10.25
10.4917,12.8719
13.0886,13.9504
13.9587,14.1525
14.0426,14.6294
14.563,15.7274
15.7488,17.0262
17.0696,18.1132
18.1174,19.009
18.978,19.969
19.9477,21.119
21.1477,22.3078
22.394,23.1953
23.2863,23.5059
23.4794,23.4357
23.1706,23.9817
23.52,26.6236
26.2905,32.0147

23.1246,23.9351
23.4665,26.6089
26.2719,32.0696
32.3533,38.5098
39.6605,41.4445
43.0753,36.1038
37.2541,21.4202
21.1979,2.37046
0.730097,-12.1695
-14.2437,-15.322
-16.5187,-7.29912
-7.01806,4.86179
6.07753,12.933
13.9655,13.5915
13.7422,9.76521
9.22616,6.7277
6.18336,7.24465
7.14273,10.1821
10.4242,12.8714
13.0972,13.9921
14.0069,14.1828
14.0716,14.6257
14.5546,15.7081
15.7273,17.0163
17.0611,18.1169
18.1227,19.0151
18.9839,19.9717
19.9494,21.1228
21.1522,22.3158
22.4044,23.1988
23.2915,23.4897
23.4617,23.3952

22.4148,23.2021
23.2968,23.4734
23.4437,23.3542
23.078,23.8877
23.4121,26.5935
26.2525,32.1243
32.4106,38.6464
39.8064,41.6332
43.2769,36.2791
37.4404,21.5054
21.2865,2.31204
0.663408,-12.3691
-14.4619,-15.5894
-16.806,-7.51372
-7.24067,4.8008
6.02729,13.0351
14.0897,13.7616
13.9284,9.87509
9.3341,6.71652
6.15703,7.15752
7.04293,10.1122
10.3546,12.8696
13.1045,14.0341
14.0556,14.2144
14.1021,14.6229
14.5469,15.6884
15.7054,17.0055
17.0518,18.1202
18.1278,19.0216
18.9901,19.9749
19.9516,21.1267
21.1568,22.3237

18.9968,19.9785
19.9542,21.1309
21.1616,22.3316
22.4252,23.2055
23.3019,23.4569
23.4257,23.3127
23.0308,23.8395
23.3568,26.5774
26.2323,32.1789
32.4676,38.7839
39.9533,41.8237
43.4805,36.4565
37.629,21.5918
21.3763,2.25316
0.596135,-12.5707
-14.6823,-15.8593
-17.0958,-7.73025
-7.46526,4.73909
5.97633,13.1379
14.2146,13.9336
14.1166,9.98719
9.44446,6.70653
6.13188,7.0697
6.94219,10.0404
10.2827,12.8663
13.1103,14.0763
14.1048,14.2474
14.1342,14.6211
14.5401,15.6685
15.683,16.994
17.0416,18.1231
18.1325,19.0284

15.6602,16.9816
17.0304,18.1256
18.1369,19.0354
19.0038,19.9825
19.9573,21.1352
21.1666,22.3395
22.4356,23.2087
23.3071,23.4402
23.4074,23.2706
22.9832,23.7905
23.3006,26.5606
26.2113,32.2334
32.5246,38.9222
40.1011,42.0161
43.6861,36.636
37.8199,21.6794
21.4674,2.19384
0.528286,-12.7743
-14.9048,-16.1317
-17.3884,-7.94873
-7.69187,4.67665
5.92467,13.2413
14.3403,14.1076
14.3069,10.1015
9.55726,6.69774
6.10791,6.9812
6.8405,9.9667
10.2086,12.8616
13.1146,14.1187
14.1544,14.2817
14.1678,14.6201
14.5343,15.6484

14.2044,14.3173
14.2029,14.6201
14.5293,15.628
15.637,16.9684
17.0183,18.1277
18.141,19.0427
19.0111,19.987
19.9609,21.1398
21.1717,22.3474
22.446,23.2119
23.3122,23.4233
23.389,23.2281
22.9349,23.7407
23.2436,26.543
26.1895,32.2877
32.5814,39.0615
40.25,42.2104
43.8939,36.8176
38.0131,21.7683
21.5598,2.13408
0.45987,-12.9798
-15.1296,-16.4066
-17.6836,-8.16922
-7.92054,4.61348
5.87229,13.3456
14.467,14.2835
14.4995,10.2181
9.6725,6.69015
6.08514,6.89201
6.73787,9.89102
10.1323,12.8554
13.1174,14.1613

6.6343,9.8134
10.0537,12.8478
13.1187,14.2041
14.2549,14.3542
14.2396,14.6211
14.5253,15.6074
15.6134,16.9543
17.0052,18.1294
18.1446,19.0503
19.0188,19.992
19.965,21.1446
21.1771,22.3553
22.4563,23.215
23.3173,23.4062
23.3703,23.1851
22.8861,23.6901
23.1857,26.5247
26.1668,32.342
32.638,39.2017
40.3998,42.4066
44.1036,37.0013
38.2086,21.8585
21.6535,2.07389
0.390893,-13.1874
-15.3565,-16.6841
-17.9815,-8.39173
-8.15129,4.54957
5.81918,13.4506
14.5944,14.4613
14.6942,10.3369
9.7902,6.68377
6.06357,6.80214

14.8911,10.458
9.91037,6.6786
6.0432,6.7116
6.52981,9.73383
9.97296,12.8386
13.1185,14.247
14.3057,14.3925
14.2779,14.6231
14.5223,15.5867
15.5894,16.9394
16.9912,18.1305
18.1478,19.058
19.0268,19.9975
19.9696,21.1497
21.1827,22.3633
22.4667,23.218
23.3223,23.3889
23.3515,23.1415
22.8368,23.6387
23.1268,26.5056
26.1433,32.396
32.6945,39.3428
40.5507,42.6047
44.3155,37.1872
38.4064,21.9499
21.7486,2.01327
0.321364,-13.3969
-15.5856,-16.9642
-18.2823,-8.6163
-8.38418,4.4849
5.76534,13.5563
14.7228,14.6412

-8.61924,4.41947
5.71076,13.6629
14.8521,14.8231
15.0903,10.5815
10.033,6.67465
6.02403,6.62038
6.4244,9.6523
9.88997,12.8279
13.1168,14.29
14.3569,14.4321
14.3176,14.6261
14.5204,15.5657
15.5651,16.9237
16.9762,18.1312
18.1505,19.066
19.0351,20.0034
19.9748,21.1551
21.1886,22.3712
22.4771,23.221
23.3273,23.3714
23.3325,23.0975
22.7869,23.5865
23.0671,26.4857
26.1189,32.45
32.7508,39.4849
40.7025,42.8047
44.5295,37.3754
38.6066,22.0426
21.8449,1.95223
0.25129,-13.6085
-15.8169,-17.247
-18.5858,-8.84298

0.180676,-13.822
-16.0505,-17.5325
-18.8922,-9.07178
-8.85649,4.35326
5.65543,13.7703
14.9824,15.007
15.2917,10.7072
10.1582,6.67192
6.00608,6.52849
6.31805,9.56881
9.80474,12.8156
13.1134,14.3331
14.4083,14.473
14.359,14.6302
14.5195,15.5447
15.5405,16.9071
16.9603,18.1313
18.1527,19.0742
19.0438,20.0099
19.9805,21.1608
21.1947,22.3791
22.4874,23.2238
23.3322,23.3536
23.3133,23.0529
22.7364,23.5334
23.0064,26.4651
26.0937,32.5038
32.807,39.6279
40.8554,43.0067
44.7457,37.5657
38.8092,22.1367
21.9426,1.89078

44.964,37.7582
39.0142,22.2321
22.0417,1.82891
0.109532,-14.0377
-16.2864,-17.8206
-19.2015,-9.30276
-9.09599,4.28627
5.59934,13.8785
15.1136,15.1931
15.4955,10.8353
10.2859,6.67042
5.98934,6.43593
6.21079,9.48336
9.71728,12.8017
13.1084,14.3763
14.4601,14.5152
14.4018,14.6354
14.5197,15.5236
15.5157,16.8897
16.9433,18.1308
18.1543,19.0825
19.0527,20.0169
19.9867,21.1668
21.2012,22.3871
22.4978,23.2265
23.337,23.3356
23.2939,23.0077
22.6854,23.4795
22.9448,26.4437
26.0676,32.5575
32.8629,39.7718
41.0094,43.2107

26.0405,32.6109
32.9187,39.9167
41.1643,43.4166
45.1844,37.953
39.2217,22.3288
22.1422,1.76665
0.0378613,-14.2554
-16.5245,-18.1116
-19.5136,-9.53593
-9.33777,4.21848
5.54248,13.9876
15.2458,15.3812
15.7016,10.9657
10.4162,6.67016
5.97383,6.34269
6.10261,9.39593
9.62757,12.7863
13.1018,14.4195
14.5121,14.5587
14.4462,14.6417
14.521,15.5024
15.4906,16.8714
16.9254,18.1298
18.1555,19.091
19.0618,20.0244
19.9936,21.1732
21.2079,22.3952
22.5083,23.2292
23.3417,23.3174
23.2742,22.9621
22.6338,23.4248
22.8822,26.4214

23.2543,22.9159
22.5817,23.3692
22.8187,26.3984
26.0126,32.6643
32.9743,40.0625
41.3204,43.6246
45.4071,38.1501
39.4315,22.4268
22.2441,1.70399
-0.034328,-14.4752
-16.7649,-18.4053
-19.8288,-9.77134
-9.58186,4.14988
5.48484,14.0976
15.379,15.5715
15.9101,11.0985
10.549,6.67113
5.95954,6.24877
5.9935,9.30652
9.5356,12.7692
13.0935,14.4627
14.5643,14.6035
14.4922,14.6491
14.5235,15.4812
15.4654,16.8523
16.9065,18.1282
18.156,19.0997
19.0712,20.0325
20.001,21.1799
21.2151,22.4033
22.5187,23.2317
23.3464,23.299

21.2225,22.4114
22.5292,23.2341
23.3509,23.2803
23.2342,22.8692
22.5289,23.3127
22.7543,26.3745
25.9837,32.7174
33.0297,40.2093
41.4774,43.8345
45.632,38.3494
39.6439,22.5263
22.3474,1.64094
-0.10703,-14.6971
-17.0076,-18.7018
-20.147,-10.009
-9.82831,4.08047
5.42642,14.2084
15.5133,15.764
16.1209,11.2337
10.6844,6.67336
5.9465,6.15418
5.88348,9.21512
9.44136,12.7506
13.0836,14.5059
14.6167,14.6497
14.5397,14.6577
14.5271,15.46
15.4399,16.8323
16.8866,18.1259
18.1559,19.1084
19.0809,20.041
20.009,21.187

18.1551,19.1173
19.0907,20.0502
20.0176,21.1945
21.2304,22.4196
22.5397,23.2364
23.3553,23.2613
23.2139,22.8219
22.4756,23.2554
22.6889,26.3498
25.954,32.7704
33.0848,40.3571
41.6356,44.0466
45.8591,38.5511
39.8587,22.6272
22.4521,1.57751
-0.180239,-14.9211
-17.2526,-19.0012
-20.4682,-10.249
-10.0771,4.01022
5.36719,14.3202
15.6486,15.9587
16.3343,11.3713
10.8224,6.67685
5.93469,6.05892
5.77254,9.12172
9.34485,12.7302
13.0719,14.5491
14.6693,14.6971
14.5887,14.6674
14.532,15.4388
15.4143,16.8115
16.8657,18.1229

14.5381,15.4177
15.3886,16.7898
16.8438,18.1193
18.1537,19.1262
19.1007,20.0599
20.0269,21.2024
21.2387,22.4279
22.5504,23.2385
23.3596,23.242
23.1933,22.7741
22.4217,23.1972
22.6225,26.3243
25.9232,32.8232
33.1398,40.5058
41.7948,44.2606
46.0884,38.7552
40.0761,22.7295
22.5584,1.5137
-0.25395,-15.1472
-17.5,-19.3034
-20.7924,-10.4914
-10.3284,3.93913
5.30716,14.4328
15.785,16.1557
16.5501,11.5114
10.963,6.6816
5.92414,5.96298
5.66068,9.02631
9.24605,12.7082
13.0586,14.5922
14.7221,14.7459
14.6392,14.6784

13.0434,14.6353
14.775,14.7959
14.6913,14.6907
14.5455,15.3966
15.3628,16.7673
16.821,18.115
18.1516,19.1353
19.1109,20.0701
20.0367,21.2108
21.2475,22.4363
22.561,23.2405
23.3639,23.2225
23.1724,22.7257
22.3672,23.1381
22.5551,26.2979
25.8915,32.8758
33.1945,40.6556
41.955,44.4768
46.3201,38.9615
40.296,22.8332
22.6661,1.44951
-0.328155,-15.3754
-17.7498,-19.6086
-21.1198,-10.7361
-10.5821,3.86717
5.24631,14.5465
15.9225,16.3549
16.7684,11.6539
11.1063,6.68763
5.91485,5.86636
5.54789,8.92889
9.14496,12.6845

5.90682,5.76907
5.43418,8.82943
9.04156,12.659
13.0265,14.6782
14.8279,14.8472
14.745,14.7041
14.5542,15.3756
15.337,16.7439
16.7971,18.11
18.1487,19.1443
19.1212,20.0809
20.0472,21.2197
21.2566,22.4449
22.5718,23.2424
23.3679,23.2027
23.1513,22.6767
22.3121,23.0782
22.4868,26.2706
25.8589,32.9282
33.249,40.8063
42.1164,44.695
46.554,39.1703
40.5185,22.9384
22.7754,1.38495
-0.40285,-15.6058
-18.0019,-19.9167
-21.4503,-10.9832
-10.8384,3.79435
5.18462,14.6611
16.0611,16.5564
16.9892,11.7989
11.2523,6.69494

16.2009,16.7603
17.2126,11.9464
11.4009,6.70355
5.90008,5.67109
5.31955,8.72793
8.93584,12.6319
13.0078,14.7211
14.881,14.8999
14.8002,14.7189
14.5643,15.3548
15.3111,16.7198
16.7722,18.1042
18.1451,19.1534
19.1317,20.0922
20.0583,21.229
21.2663,22.4535
22.5827,23.2442
23.3719,23.1825
23.1299,22.6272
22.2563,23.0173
22.4175,26.2425
25.8252,32.9804
33.3033,40.958
42.2788,44.9154
46.7902,39.3815
40.7436,23.045
22.8861,1.32003
-0.478029,-15.8384
-18.2564,-20.2279
-21.7841,-11.2328
-11.0972,3.72065
5.12209,14.7766

-22.121,-11.4848
-11.3585,3.64604
5.0587,14.8932
16.3418,16.9665
17.4387,12.0965
11.5523,6.71347
5.89462,5.57242
5.20399,8.62437
8.82778,12.6029
12.9872,14.7638
14.9341,14.9538
14.8569,14.7349
14.5756,15.3341
15.2852,16.6947
16.7464,18.0976
18.1407,19.1624
19.1422,20.1041
20.0701,21.2389
21.2765,22.4623
22.5936,23.2458
23.3758,23.1621
23.1082,22.577
22.2,22.9556
22.3472,26.2135
25.7906,33.0323
33.3574,41.1106
42.4424,45.1379
47.0288,39.5951
40.9714,23.1532
22.9985,1.25475
-0.553686,-16.0732
-18.5133,-20.542

23.1124,1.18912
-0.629816,-16.3102
-18.7727,-20.8592
-22.4613,-11.7394
-11.6225,3.57053
4.99444,15.0108
16.4839,17.1751
17.6673,12.2492
11.7065,6.7247
5.89045,5.47307
5.0875,8.51875
8.71738,12.5722
12.9648,14.8063
14.9873,15.009
14.9151,14.7523
14.5884,15.3136
15.2594,16.6689
16.7195,18.0903
18.1355,19.1715
19.1529,20.1166
20.0825,21.2492
21.2872,22.4712
22.6048,23.2473
23.3795,23.1413
23.0861,22.5263
22.143,22.8929
22.2758,26.1836
25.755,33.0841
33.4111,41.2643
42.607,45.3625
47.2697,39.8112
41.2018,23.2629

42.7727,45.5893
47.5129,40.0298
41.4348,23.3741
23.2279,1.12314
-0.706413,-16.5494
-19.0345,-21.1795
-22.8048,-11.9965
-11.8891,3.49408
4.92931,15.1293
16.6272,17.3862
17.8987,12.4044
11.8634,6.73725
5.8876,5.37303
4.97008,8.41105
8.60462,12.5397
12.9406,14.8486
15.0405,15.0655
14.9749,14.771
14.6026,15.2933
15.2336,16.6423
16.6917,18.0821
18.1295,19.1805
19.1635,20.1296
20.0956,21.2601
21.2985,22.4803
22.616,23.2487
23.383,23.1202
23.0638,22.475
22.0854,22.8293
22.2035,26.1528
25.7183,33.1357
33.4647,41.419

22.1301,26.1211
25.6807,33.187
33.5179,41.5747
42.9396,45.8183
47.7586,40.2509
41.6706,23.4869
23.345,1.05682
-0.783472,-16.7908
-19.2988,-21.503
-23.1517,-12.2562
-12.1585,3.4167
4.86327,15.249
16.7718,17.5998
18.1328,12.5623
12.0232,6.75115
5.88606,5.2723
4.85172,8.30126
8.48948,12.5054
12.9144,14.8908
15.0936,15.1232
15.0362,14.7911
14.6182,15.2732
15.2079,16.6148
16.6628,18.0731
18.1226,19.1894
19.1743,20.1432
20.1093,21.2716
21.3103,22.4896
22.6274,23.2499
23.3865,23.0988
23.0411,22.423
22.0272,22.7648

23.3898,23.077
23.0181,22.3704
21.9683,22.6994
22.0557,26.0885
25.642,33.2381
33.5709,41.7314
43.1075,46.0495
48.0067,40.4745
41.9091,23.6012
23.4638,0.990159
-0.860987,-17.0345
-19.5656,-21.8296
-23.502,-12.5186
-12.4305,3.33837
4.79633,15.3697
16.9175,17.8158
18.3696,12.7228
12.1858,6.7664
5.88585,5.17087
4.73242,8.18935
8.37195,12.4692
12.8863,14.9327
15.1467,15.1823
15.099,14.8125
14.6352,15.2534
15.1823,16.5865
16.633,18.0632
18.1148,19.1983
19.185,20.1574
20.1237,21.2837
21.3227,22.4991
22.639,23.251

20.1387,21.2963
21.3357,22.5089
22.6508,23.252
23.393,23.0548
22.9948,22.3172
21.9087,22.633
21.9803,26.0549
25.6022,33.2889
33.6236,41.8892
43.2766,46.2829
48.2572,40.7007
42.1504,23.7172
23.5843,0.92317
-0.938953,-17.2805
-19.8349,-22.1594
-23.8557,-12.7836
-12.7054,3.25906
4.72846,15.4915
17.0646,18.0344
18.6092,12.8861
12.3512,6.78301
5.88699,5.06874
4.61218,8.07533
8.25201,12.4311
12.8562,14.9744
15.1998,15.2426
15.1634,14.8354
14.6538,15.2339
15.1569,16.5574
16.6022,18.0525
18.1061,19.207
19.1957,20.1721

